623020
623021
623022
623023
623024
623025
623026
623027
623028
623029
623030
623031
623032
623033
623034
623035
623036
623037
623038
623039
623040
623041
623042
623043
623044
623045
623046
623047
623048
623049
623050
623051
623052
623053
623054
623055
623056
623057
623058
623059
623060
623061
623062
623063
623064
623065
623066
623067
623068
623069
623070
623071
623072
623073
623074
623075
623076
623077
623078
623079
623080
623081
623082
623083
623084
623085
623086
623087
623088
623089
623090
623091
623092
623093
623094
623095
623096
623097
623098
623099
623100
623101
623102
623103
623104
623105
623106
623107
623108
623109
623110
623111
623112
623113
623114
623115
623116
623117
623118
623119
623120
623121
623122
623123
623124
623125
623126
623127
623128
623129
623130
623131
623132
623133
623134
623135
623136
623137
623138
623139
623140
623141
623142
623143
623144
623145
623146
623147
623148
623149
623150
623151
623152
623153
623154
623155
623156
623157
623158
623159
623160
623161
623162
623163
623164
623165
623166
623167
623168
623169
623170
623171
623172
623173
623174
623175
623176
623177
623178
623179
623180
623181
623182
623183
623184
623185
623186
623187
623188
623189
623190
623191
623192
623193
623194
623195
623196
623197
623198
623199
623200
623201
623202
623203
623204
623205
623206
623207
623208
623209
623210
623211
623212
623213
623214
623215
623216
623217
623218
623219
623220
623221
623222
623223
623224
623225
623226
623227
623228
623229
623230
623231
623232
623233
623234
623235
623236
623237
623238
623239
623240
623241
623242
623243
623244
623245
623246
623247
623248
623249
623250
623251
623252
623253
623254
623255
623256
623257
623258
623259
623260
623261
623262
623263
623264
623265
623266
623267
623268
623269
623270
623271
623272
623273
623274
623275
623276
623277
623278
623279
623280
623281
623282
623283
623284
623285
623286
623287
623288
623289
623290
623291
623292
623293
623294
623295
623296
623297
623298
623299
623300
623301
623302
623303
623304
623305
623306
623307
623308
623309
623310
623311
623312
623313
623314
623315
623316
623317
623318
623319
623320
623321
623322
623323
623324
623325
623326
623327
623328
623329
623330
623331
623332
623333
623334
623335
623336
623337
623338
623339
623340
623341
623342
623343
623344
623345
623346
623347
623348
623349
623350
623351
623352
623353
623354
623355
623356
623357
623358
623359
623360
623361
623362
623363
623364
623365
623366
623367
623368
623369
623370
623371
623372
623373
623374
623375
623376
623377
623378
623379
623380
623381
623382
623383
623384
623385
623386
623387
623388
623389
623390
623391
623392
623393
623394
623395
623396
623397
623398
623399
623400
623401
623402
623403
623404
623405
623406
623407
623408
623409
623410
623411
623412
623413
623414
623415
623416
623417
623418
623419
623420
623421
623422
623423
623424
623425
623426
623427
623428
623429
623430
623431
623432
623433
623434
623435
623436
623437
623438
623439
623440
623441
623442
623443
623444
623445
623446
623447
623448
623449
623450
623451
623452
623453
623454
623455
623456
623457
623458
623459
623460
623461
623462
623463
623464
623465
623466
623467
623468
623469
623470
623471
623472
623473
623474
623475
623476
623477
623478
623479
623480
623481
623482
623483
623484
623485
623486
623487
623488
623489
623490
623491
623492
623493
623494
623495
623496
623497
623498
623499
623500
623501
623502
623503
623504
623505
623506
623507
623508
623509
623510
623511
623512
623513
623514
623515
623516
623517
623518
623519
623520
623521
623522
623523
623524
623525
623526
623527
623528
623529
623530
623531
623532
623533
623534
623535
623536
623537
623538
623539
623540
623541
623542
623543
623544
623545
623546
623547
623548
623549
623550
623551
623552
623553
623554
623555
623556
623557
623558
623559
623560
623561
623562
623563
623564
623565
623566
623567
623568
623569
623570
623571
623572
623573
623574
623575
623576
623577
623578
623579
623580
623581
623582
623583
623584
623585
623586
623587
623588
623589
623590
623591
623592
623593
623594
623595
623596
623597
623598
623599
623600
623601
623602
623603
623604
623605
623606
623607
623608
623609
623610
623611
623612
623613
623614
623615
623616
623617
623618
623619
623620
623621
623622
623623
623624
623625
623626
623627
623628
623629
623630
623631
623632
623633
623634
623635
623636
623637
623638
623639
623640
623641
623642
623643
623644
623645
623646
623647
623648
623649
623650
623651
623652
623653
623654
623655
623656
623657
623658
623659
623660
623661
623662
623663
623664
623665
623666
623667
623668
623669
623670
623671
623672
623673
623674
623675
623676
623677
623678
623679
623680
623681
623682
623683
623684
623685
623686
623687
623688
623689
623690
623691
623692
623693
623694
623695
623696
623697
623698
623699
623700
623701
623702
623703
623704
623705
623706
623707
623708
623709
623710
623711
623712
623713
623714
623715
623716
623717
623718
623719
623720
623721
623722
623723
623724
623725
623726
623727
623728
623729
623730
623731
623732
623733
623734
623735
623736
623737
623738
623739
623740
623741
623742
623743
623744
623745
623746
623747
623748
623749
623750
623751
623752
623753
623754
623755
623756
623757
623758
623759
623760
623761
623762
623763
623764
623765
623766
623767
623768
623769
623770
623771
623772
623773
623774
623775
623776
623777
623778
623779
623780
623781
623782
623783
623784
623785
623786
623787
623788
623789
623790
623791
623792
623793
623794
623795
623796
623797
623798
623799
623800
623801
623802
623803
623804
623805
623806
623807
623808
623809
623810
623811
623812
623813
623814
623815
623816
623817
623818
623819
623820
623821
623822
623823
623824
623825
623826
623827
623828
623829
623830
623831
623832
623833
623834
623835
623836
623837
623838
623839
623840
623841
623842
623843
623844
623845
623846
623847
623848
623849
623850
623851
623852
623853
623854
623855
623856
623857
623858
623859
623860
623861
623862
623863
623864
623865
623866
623867
623868
623869
623870
623871
623872
623873
623874
623875
623876
623877
623878
623879
623880
623881
623882
623883
623884
623885
623886
623887
623888
623889
623890
623891
623892
623893
623894
623895
623896
623897
623898
623899
623900
623901
623902
623903
623904
623905
623906
623907
623908
623909
623910
623911
623912
623913
623914
623915
623916
623917
623918
623919
623920
623921
623922
623923
623924
623925
623926
623927
623928
623929
623930
623931
623932
623933
623934
623935
623936
623937
623938
623939
623940
623941
623942
623943
623944
623945
623946
623947
623948
623949
623950
623951
623952
623953
623954
623955
623956
623957
623958
623959
623960
623961
623962
623963
623964
623965
623966
623967
623968
623969
623970
623971
623972
623973
623974
623975
623976
623977
623978
623979
623980
623981
623982
623983
623984
623985
623986
623987
623988
623989
623990
623991
623992
623993
623994
623995
623996
623997
623998
623999
624000
624001
624002
624003
624004
624005
624006
624007
624008
624009
624010
624011
624012
624013
624014
624015
624016
624017
624018
624019
624020
624021
624022
624023
624024
624025
624026
624027
624028
624029
624030
624031
624032
624033
624034
624035
624036
624037
624038
624039
624040
624041
624042
624043
624044
624045
624046
624047
624048
624049
624050
624051
624052
624053
624054
624055
624056
624057
624058
624059
624060
624061
624062
624063
624064
624065
624066
624067
624068
624069
624070
624071
624072
624073
624074
624075
624076
624077
624078
624079
624080
624081
624082
624083
624084
624085
624086
624087
624088
624089
624090
624091
624092
624093
624094
624095
624096
624097
624098
624099
624100
624101
624102
624103
624104
624105
624106
624107
624108
624109
624110
624111
624112
624113
624114
624115
624116
624117
624118
624119
624120
624121
624122
624123
624124
624125
624126
624127
624128
624129
624130
624131
624132
624133
624134
624135
624136
624137
624138
624139
624140
624141
624142
624143
624144
624145
624146
624147
624148
624149
624150
624151
624152
624153
624154
624155
624156
624157
624158
624159
624160
624161
624162
624163
624164
624165
624166
624167
624168
624169
624170
624171
624172
624173
624174
624175
624176
624177
624178
624179
624180
624181
624182
624183
624184
624185
624186
624187
624188
624189
624190
624191
624192
624193
624194
624195
624196
624197
624198
624199
624200
624201
624202
624203
624204
624205
624206
624207
624208
624209
624210
624211
624212
624213
624214
624215
624216
624217
624218
624219
624220
624221
624222
624223
624224
624225
624226
624227
624228
624229
624230
624231
624232
624233
624234
624235
624236
624237
624238
624239
624240
624241
624242
624243
624244
624245
624246
624247
624248
624249
624250
624251
624252
624253
624254
624255
624256
624257
624258
624259
624260
624261
624262
624263
624264
624265
624266
624267
624268
624269
624270
624271
624272
624273
624274
624275
624276
624277
624278
624279
624280
624281
624282
624283
624284
624285
624286
624287
624288
624289
624290
624291
624292
624293
624294
624295
624296
624297
624298
624299
624300
624301
624302
624303
624304
624305
624306
624307
624308
624309
624310
624311
624312
624313
624314
624315
624316
624317
624318
624319
624320
624321
624322
624323
624324
624325
624326
624327
624328
624329
624330
624331
624332
624333
624334
624335
624336
624337
624338
624339
624340
624341
624342
624343
624344
624345
624346
624347
624348
624349
624350
624351
624352
624353
624354
624355
624356
624357
624358
624359
624360
624361
624362
624363
624364
624365
624366
624367
624368
624369
624370
624371
624372
624373
624374
624375
624376
624377
624378
624379
624380
624381
624382
624383
624384
624385
624386
624387
624388
624389
624390
624391
624392
624393
624394
624395
624396
624397
624398
624399
624400
624401
624402
624403
624404
624405
624406
624407
624408
624409
624410
624411
624412
624413
624414
624415
624416
624417
624418
624419
624420
624421
624422
624423
624424
624425
624426
624427
624428
624429
624430
624431
624432
624433
624434
624435
624436
624437
624438
624439
624440
624441
624442
624443
624444
624445
624446
624447
624448
624449
624450
624451
624452
624453
624454
624455
624456
624457
624458
624459
624460
624461
624462
624463
624464
624465
624466
624467
624468
624469
624470
624471
624472
624473
624474
624475
624476
624477
624478
624479
624480
624481
624482
624483
624484
624485
624486
624487
624488
624489
624490
624491
624492
624493
624494
624495
624496
624497
624498
624499
624500
624501
624502
624503
624504
624505
624506
624507
624508
624509
624510
624511
624512
624513
624514
624515
624516
624517
624518
624519
624520
624521
624522
624523
624524
624525
624526
624527
624528
624529
624530
624531
624532
624533
624534
624535
624536
624537
624538
624539
624540
624541
624542
624543
624544
624545
624546
624547
624548
624549
624550
624551
624552
624553
624554
624555
624556
624557
624558
624559
624560
624561
624562
624563
624564
624565
624566
624567
624568
624569
624570
624571
624572
624573
624574
624575
624576
624577
624578
624579
624580
624581
624582
624583
624584
624585
624586
624587
624588
624589
624590
624591
624592
624593
624594
624595
624596
624597
624598
624599
624600
624601
624602
624603
624604
624605
624606
624607
624608
624609
624610
624611
624612
624613
624614
624615
624616
624617
624618
624619
624620
624621
624622
624623
624624
624625
624626
624627
624628
624629
624630
624631
624632
624633
624634
624635
624636
624637
624638
624639
624640
624641
624642
624643
624644
624645
624646
624647
624648
624649
624650
624651
624652
624653
624654
624655
624656
624657
624658
624659
624660
624661
624662
624663
624664
624665
624666
624667
624668
624669
624670
624671
624672
624673
624674
624675
624676
624677
624678
624679
624680
624681
624682
624683
624684
624685
624686
624687
624688
624689
624690
624691
624692
624693
624694
624695
624696
624697
624698
624699
624700
624701
624702
624703
624704
624705
624706
624707
624708
624709
624710
624711
624712
624713
624714
624715
624716
624717
624718
624719
624720
624721
624722
624723
624724
624725
624726
624727
624728
624729
624730
624731
624732
624733
624734
624735
624736
624737
624738
624739
624740
624741
624742
624743
624744
624745
624746
624747
624748
624749
624750
624751
624752
624753
624754
624755
624756
624757
624758
624759
624760
624761
624762
624763
624764
624765
624766
624767
624768
624769
624770
624771
624772
624773
624774
624775
624776
624777
624778
624779
624780
624781
624782
624783
624784
624785
624786
624787
624788
624789
624790
624791
624792
624793
624794
624795
624796
624797
624798
624799
624800
624801
624802
624803
624804
624805
624806
624807
624808
624809
624810
624811
624812
624813
624814
624815
624816
624817
624818
624819
624820
624821
624822
624823
624824
624825
624826
624827
624828
624829
624830
624831
624832
624833
624834
624835
624836
624837
624838
624839
624840
624841
624842
624843
624844
624845
624846
624847
624848
624849
624850
624851
624852
624853
624854
624855
624856
624857
624858
624859
624860
624861
624862
624863
624864
624865
624866
624867
624868
624869
624870
624871
624872
624873
624874
624875
624876
624877
624878
624879
624880
624881
624882
624883
624884
624885
624886
624887
624888
624889
624890
624891
624892
624893
624894
624895
624896
624897
624898
624899
624900
624901
624902
624903
624904
624905
624906
624907
624908
624909
624910
624911
624912
624913
624914
624915
624916
624917
624918
624919
624920
624921
624922
624923
624924
624925
624926
624927
624928
624929
624930
624931
624932
624933
624934
624935
624936
624937
624938
624939
624940
624941
624942
624943
624944
624945
624946
624947
624948
624949
624950
624951
624952
624953
624954
624955
624956
624957
624958
624959
624960
624961
624962
624963
624964
624965
624966
624967
624968
624969
624970
624971
624972
624973
624974
624975
624976
624977
624978
624979
624980
624981
624982
624983
624984
624985
624986
624987
624988
624989
624990
624991
624992
624993
624994
624995
624996
624997
624998
624999
625000
625001
625002
625003
625004
625005
625006
625007
625008
625009
625010
625011
625012
625013
625014
625015
625016
625017
625018
625019
625020
625021
625022
625023
625024
625025
625026
625027
625028
625029
625030
625031
625032
625033
625034
625035
625036
625037
625038
625039
625040
625041
625042
625043
625044
625045
625046
625047
625048
625049
625050
625051
625052
625053
625054
625055
625056
625057
625058
625059
625060
625061
625062
625063
625064
625065
625066
625067
625068
625069
625070
625071
625072
625073
625074
625075
625076
625077
625078
625079
625080
625081
625082
625083
625084
625085
625086
625087
625088
625089
625090
625091
625092
625093
625094
625095
625096
625097
625098
625099
625100
625101
625102
625103
625104
625105
625106
625107
625108
625109
625110
625111
625112
625113
625114
625115
625116
625117
625118
625119
625120
625121
625122
625123
625124
625125
625126
625127
625128
625129
625130
625131
625132
625133
625134
625135
625136
625137
625138
625139
625140
625141
625142
625143
625144
625145
625146
625147
625148
625149
625150
625151
625152
625153
625154
625155
625156
625157
625158
625159
625160
625161
625162
625163
625164
625165
625166
625167
625168
625169
625170
625171
625172
625173
625174
625175
625176
625177
625178
625179
625180
625181
625182
625183
625184
625185
625186
625187
625188
625189
625190
625191
625192
625193
625194
625195
625196
625197
625198
625199
625200
625201
625202
625203
625204
625205
625206
625207
625208
625209
625210
625211
625212
625213
625214
625215
625216
625217
625218
625219
625220
625221
625222
625223
625224
625225
625226
625227
625228
625229
625230
625231
625232
625233
625234
625235
625236
625237
625238
625239
625240
625241
625242
625243
625244
625245
625246
625247
625248
625249
625250
625251
625252
625253
625254
625255
625256
625257
625258
625259
625260
625261
625262
625263
625264
625265
625266
625267
625268
625269
625270
625271
625272
625273
625274
625275
625276
625277
625278
625279
625280
625281
625282
625283
625284
625285
625286
625287
625288
625289
625290
625291
625292
625293
625294
625295
625296
625297
625298
625299
625300
625301
625302
625303
625304
625305
625306
625307
625308
625309
625310
625311
625312
625313
625314
625315
625316
625317
625318
625319
625320
625321
625322
625323
625324
625325
625326
625327
625328
625329
625330
625331
625332
625333
625334
625335
625336
625337
625338
625339
625340
625341
625342
625343
625344
625345
625346
625347
625348
625349
625350
625351
625352
625353
625354
625355
625356
625357
625358
625359
625360
625361
625362
625363
625364
625365
625366
625367
625368
625369
625370
625371
625372
625373
625374
625375
625376
625377
625378
625379
625380
625381
625382
625383
625384
625385
625386
625387
625388
625389
625390
625391
625392
625393
625394
625395
625396
625397
625398
625399
625400
625401
625402
625403
625404
625405
625406
625407
625408
625409
625410
625411
625412
625413
625414
625415
625416
625417
625418
625419
625420
625421
625422
625423
625424
625425
625426
625427
625428
625429
625430
625431
625432
625433
625434
625435
625436
625437
625438
625439
625440
625441
625442
625443
625444
625445
625446
625447
625448
625449
625450
625451
625452
625453
625454
625455
625456
625457
625458
625459
625460
625461
625462
625463
625464
625465
625466
625467
625468
625469
625470
625471
625472
625473
625474
625475
625476
625477
625478
625479
625480
625481
625482
625483
625484
625485
625486
625487
625488
625489
625490
625491
625492
625493
625494
625495
625496
625497
625498
625499
625500
625501
625502
625503
625504
625505
625506
625507
625508
625509
625510
625511
625512
625513
625514
625515
625516
625517
625518
625519
625520
625521
625522
625523
625524
625525
625526
625527
625528
625529
625530
625531
625532
625533
625534
625535
625536
625537
625538
625539
625540
625541
625542
625543
625544
625545
625546
625547
625548
625549
625550
625551
625552
625553
625554
625555
625556
625557
625558
625559
625560
625561
625562
625563
625564
625565
625566
625567
625568
625569
625570
625571
625572
625573
625574
625575
625576
625577
625578
625579
625580
625581
625582
625583
625584
625585
625586
625587
625588
625589
625590
625591
625592
625593
625594
625595
625596
625597
625598
625599
625600
625601
625602
625603
625604
625605
625606
625607
625608
625609
625610
625611
625612
625613
625614
625615
625616
625617
625618
625619
625620
625621
625622
625623
625624
625625
625626
625627
625628
625629
625630
625631
625632
625633
625634
625635
625636
625637
625638
625639
625640
625641
625642
625643
625644
625645
625646
625647
625648
625649
625650
625651
625652
625653
625654
625655
625656
625657
625658
625659
625660
625661
625662
625663
625664
625665
625666
625667
625668
625669
625670
625671
625672
625673
625674
625675
625676
625677
625678
625679
625680
625681
625682
625683
625684
625685
625686
625687
625688
625689
625690
625691
625692
625693
625694
625695
625696
625697
625698
625699
625700
625701
625702
625703
625704
625705
625706
625707
625708
625709
625710
625711
625712
625713
625714
625715
625716
625717
625718
625719
625720
625721
625722
625723
625724
625725
625726
625727
625728
625729
625730
625731
625732
625733
625734
625735
625736
625737
625738
625739
625740
625741
625742
625743
625744
625745
625746
625747
625748
625749
625750
625751
625752
625753
625754
625755
625756
625757
625758
625759
625760
625761
625762
625763
625764
625765
625766
625767
625768
625769
625770
625771
625772
625773
625774
625775
625776
625777
625778
625779
625780
625781
625782
625783
625784
625785
625786
625787
625788
625789
625790
625791
625792
625793
625794
625795
625796
625797
625798
625799
625800
625801
625802
625803
625804
625805
625806
625807
625808
625809
625810
625811
625812
625813
625814
625815
625816
625817
625818
625819
625820
625821
625822
625823
625824
625825
625826
625827
625828
625829
625830
625831
625832
625833
625834
625835
625836
625837
625838
625839
625840
625841
625842
625843
625844
625845
625846
625847
625848
625849
625850
625851
625852
625853
625854
625855
625856
625857
625858
625859
625860
625861
625862
625863
625864
625865
625866
625867
625868
625869
625870
625871
625872
625873
625874
625875
625876
625877
625878
625879
625880
625881
625882
625883
625884
625885
625886
625887
625888
625889
625890
625891
625892
625893
625894
625895
625896
625897
625898
625899
625900
625901
625902
625903
625904
625905
625906
625907
625908
625909
625910
625911
625912
625913
625914
625915
625916
625917
625918
625919
625920
625921
625922
625923
625924
625925
625926
625927
625928
625929
625930
625931
625932
625933
625934
625935
625936
625937
625938
625939
625940
625941
625942
625943
625944
625945
625946
625947
625948
625949
625950
625951
625952
625953
625954
625955
625956
625957
625958
625959
625960
625961
625962
625963
625964
625965
625966
625967
625968
625969
625970
625971
625972
625973
625974
625975
625976
625977
625978
625979
625980
625981
625982
625983
625984
625985
625986
625987
625988
625989
625990
625991
625992
625993
625994
625995
625996
625997
625998
625999
626000
626001
626002
626003
626004
626005
626006
626007
626008
626009
626010
626011
626012
626013
626014
626015
626016
626017
626018
626019
626020
626021
626022
626023
626024
626025
626026
626027
626028
626029
626030
626031
626032
626033
626034
626035
626036
626037
626038
626039
626040
626041
626042
626043
626044
626045
626046
626047
626048
626049
626050
626051
626052
626053
626054
626055
626056
626057
626058
626059
626060
626061
626062
626063
626064
626065
626066
626067
626068
626069
626070
626071
626072
626073
626074
626075
626076
626077
626078
626079
626080
626081
626082
626083
626084
626085
626086
626087
626088
626089
626090
626091
626092
626093
626094
626095
626096
626097
626098
626099
626100
626101
626102
626103
626104
626105
626106
626107
626108
626109
626110
626111
626112
626113
626114
626115
626116
626117
626118
626119
626120
626121
626122
626123
626124
626125
626126
626127
626128
626129
626130
626131
626132
626133
626134
626135
626136
626137
626138
626139
626140
626141
626142
626143
626144
626145
626146
626147
626148
626149
626150
626151
626152
626153
626154
626155
626156
626157
626158
626159
626160
626161
626162
626163
626164
626165
626166
626167
626168
626169
626170
626171
626172
626173
626174
626175
626176
626177
626178
626179
626180
626181
626182
626183
626184
626185
626186
626187
626188
626189
626190
626191
626192
626193
626194
626195
626196
626197
626198
626199
626200
626201
626202
626203
626204
626205
626206
626207
626208
626209
626210
626211
626212
626213
626214
626215
626216
626217
626218
626219
626220
626221
626222
626223
626224
626225
626226
626227
626228
626229
626230
626231
626232
626233
626234
626235
626236
626237
626238
626239
626240
626241
626242
626243
626244
626245
626246
626247
626248
626249
626250
626251
626252
626253
626254
626255
626256
626257
626258
626259
626260
626261
626262
626263
626264
626265
626266
626267
626268
626269
626270
626271
626272
626273
626274
626275
626276
626277
626278
626279
626280
626281
626282
626283
626284
626285
626286
626287
626288
626289
626290
626291
626292
626293
626294
626295
626296
626297
626298
626299
626300
626301
626302
626303
626304
626305
626306
626307
626308
626309
626310
626311
626312
626313
626314
626315
626316
626317
626318
626319
626320
626321
626322
626323
626324
626325
626326
626327
626328
626329
626330
626331
626332
626333
626334
626335
626336
626337
626338
626339
626340
626341
626342
626343
626344
626345
626346
626347
626348
626349
626350
626351
626352
626353
626354
626355
626356
626357
626358
626359
626360
626361
626362
626363
626364
626365
626366
626367
626368
626369
626370
626371
626372
626373
626374
626375
626376
626377
626378
626379
626380
626381
626382
626383
626384
626385
626386
626387
626388
626389
626390
626391
626392
626393
626394
626395
626396
626397
626398
626399
626400
626401
626402
626403
626404
626405
626406
626407
626408
626409
626410
626411
626412
626413
626414
626415
626416
626417
626418
626419
626420
626421
626422
626423
626424
626425
626426
626427
626428
626429
626430
626431
626432
626433
626434
626435
626436
626437
626438
626439
626440
626441
626442
626443
626444
626445
626446
626447
626448
626449
626450
626451
626452
626453
626454
626455
626456
626457
626458
626459
626460
626461
626462
626463
626464
626465
626466
626467
626468
626469
626470
626471
626472
626473
626474
626475
626476
626477
626478
626479
626480
626481
626482
626483
626484
626485
626486
626487
626488
626489
626490
626491
626492
626493
626494
626495
626496
626497
626498
626499
626500
626501
626502
626503
626504
626505
626506
626507
626508
626509
626510
626511
626512
626513
626514
626515
626516
626517
626518
626519
626520
626521
626522
626523
626524
626525
626526
626527
626528
626529
626530
626531
626532
626533
626534
626535
626536
626537
626538
626539
626540
626541
626542
626543
626544
626545
626546
626547
626548
626549
626550
626551
626552
626553
626554
626555
626556
626557
626558
626559
626560
626561
626562
626563
626564
626565
626566
626567
626568
626569
626570
626571
626572
626573
626574
626575
626576
626577
626578
626579
626580
626581
626582
626583
626584
626585
626586
626587
626588
626589
626590
626591
626592
626593
626594
626595
626596
626597
626598
626599
626600
626601
626602
626603
626604
626605
626606
626607
626608
626609
626610
626611
626612
626613
626614
626615
626616
626617
626618
626619
626620
626621
626622
626623
626624
626625
626626
626627
626628
626629
626630
626631
626632
626633
626634
626635
626636
626637
626638
626639
626640
626641
626642
626643
626644
626645
626646
626647
626648
626649
626650
626651
626652
626653
626654
626655
626656
626657
626658
626659
626660
626661
626662
626663
626664
626665
626666
626667
626668
626669
626670
626671
626672
626673
626674
626675
626676
626677
626678
626679
626680
626681
626682
626683
626684
626685
626686
626687
626688
626689
626690
626691
626692
626693
626694
626695
626696
626697
626698
626699
626700
626701
626702
626703
626704
626705
626706
626707
626708
626709
626710
626711
626712
626713
626714
626715
626716
626717
626718
626719
626720
626721
626722
626723
626724
626725
626726
626727
626728
626729
626730
626731
626732
626733
626734
626735
626736
626737
626738
626739
626740
626741
626742
626743
626744
626745
626746
626747
626748
626749
626750
626751
626752
626753
626754
626755
626756
626757
626758
626759
626760
626761
626762
626763
626764
626765
626766
626767
626768
626769
626770
626771
626772
626773
626774
626775
626776
626777
626778
626779
626780
626781
626782
626783
626784
626785
626786
626787
626788
626789
626790
626791
626792
626793
626794
626795
626796
626797
626798
626799
626800
626801
626802
626803
626804
626805
626806
626807
626808
626809
626810
626811
626812
626813
626814
626815
626816
626817
626818
626819
626820
626821
626822
626823
626824
626825
626826
626827
626828
626829
626830
626831
626832
626833
626834
626835
626836
626837
626838
626839
626840
626841
626842
626843
626844
626845
626846
626847
626848
626849
626850
626851
626852
626853
626854
626855
626856
626857
626858
626859
626860
626861
626862
626863
626864
626865
626866
626867
626868
626869
626870
626871
626872
626873
626874
626875
626876
626877
626878
626879
626880
626881
626882
626883
626884
626885
626886
626887
626888
626889
626890
626891
626892
626893
626894
626895
626896
626897
626898
626899
626900
626901
626902
626903
626904
626905
626906
626907
626908
626909
626910
626911
626912
626913
626914
626915
626916
626917
626918
626919
626920
626921
626922
626923
626924
626925
626926
626927
626928
626929
626930
626931
626932
626933
626934
626935
626936
626937
626938
626939
626940
626941
626942
626943
626944
626945
626946
626947
626948
626949
626950
626951
626952
626953
626954
626955
626956
626957
626958
626959
626960
626961
626962
626963
626964
626965
626966
626967
626968
626969
626970
626971
626972
626973
626974
626975
626976
626977
626978
626979
626980
626981
626982
626983
626984
626985
626986
626987
626988
626989
626990
626991
626992
626993
626994
626995
626996
626997
626998
626999
627000
627001
627002
627003
627004
627005
627006
627007
627008
627009
627010
627011
627012
627013
627014
627015
627016
627017
627018
627019
627020
627021
627022
627023
627024
627025
627026
627027
627028
627029
627030
627031
627032
627033
627034
627035
627036
627037
627038
627039
627040
627041
627042
627043
627044
627045
627046
627047
627048
627049
627050
627051
627052
627053
627054
627055
627056
627057
627058
627059
627060
627061
627062
627063
627064
627065
627066
627067
627068
627069
627070
627071
627072
627073
627074
627075
627076
627077
627078
627079
627080
627081
627082
627083
627084
627085
627086
627087
627088
627089
627090
627091
627092
627093
627094
627095
627096
627097
627098
627099
627100
627101
627102
627103
627104
627105
627106
627107
627108
627109
627110
627111
627112
627113
627114
627115
627116
627117
627118
627119
627120
627121
627122
627123
627124
627125
627126
627127
627128
627129
627130
627131
627132
627133
627134
627135
627136
627137
627138
627139
627140
627141
627142
627143
627144
627145
627146
627147
627148
627149
627150
627151
627152
627153
627154
627155
627156
627157
627158
627159
627160
627161
627162
627163
627164
627165
627166
627167
627168
627169
627170
627171
627172
627173
627174
627175
627176
627177
627178
627179
627180
627181
627182
627183
627184
627185
627186
627187
627188
627189
627190
627191
627192
627193
627194
627195
627196
627197
627198
627199
627200
627201
627202
627203
627204
627205
627206
627207
627208
627209
627210
627211
627212
627213
627214
627215
627216
627217
627218
627219
627220
627221
627222
627223
627224
627225
627226
627227
627228
627229
627230
627231
627232
627233
627234
627235
627236
627237
627238
627239
627240
627241
627242
627243
627244
627245
627246
627247
627248
627249
627250
627251
627252
627253
627254
627255
627256
627257
627258
627259
627260
627261
627262
627263
627264
627265
627266
627267
627268
627269
627270
627271
627272
627273
627274
627275
627276
627277
627278
627279
627280
627281
627282
627283
627284
627285
627286
627287
627288
627289
627290
627291
627292
627293
627294
627295
627296
627297
627298
627299
627300
627301
627302
627303
627304
627305
627306
627307
627308
627309
627310
627311
627312
627313
627314
627315
627316
627317
627318
627319
627320
627321
627322
627323
627324
627325
627326
627327
627328
627329
627330
627331
627332
627333
627334
627335
627336
627337
627338
627339
627340
627341
627342
627343
627344
627345
627346
627347
627348
627349
627350
627351
627352
627353
627354
627355
627356
627357
627358
627359
627360
627361
627362
627363
627364
627365
627366
627367
627368
627369
627370
627371
627372
627373
627374
627375
627376
627377
627378
627379
627380
627381
627382
627383
627384
627385
627386
627387
627388
627389
627390
627391
627392
627393
627394
627395
627396
627397
627398
627399
627400
627401
627402
627403
627404
627405
627406
627407
627408
627409
627410
627411
627412
627413
627414
627415
627416
627417
627418
627419
627420
627421
627422
627423
627424
627425
627426
627427
627428
627429
627430
627431
627432
627433
627434
627435
627436
627437
627438
627439
627440
627441
627442
627443
627444
627445
627446
627447
627448
627449
627450
627451
627452
627453
627454
627455
627456
627457
627458
627459
627460
627461
627462
627463
627464
627465
627466
627467
627468
627469
627470
627471
627472
627473
627474
627475
627476
627477
627478
627479
627480
627481
627482
627483
627484
627485
627486
627487
627488
627489
627490
627491
627492
627493
627494
627495
627496
627497
627498
627499
627500
627501
627502
627503
627504
627505
627506
627507
627508
627509
627510
627511
627512
627513
627514
627515
627516
627517
627518
627519
627520
627521
627522
627523
627524
627525
627526
627527
627528
627529
627530
627531
627532
627533
627534
627535
627536
627537
627538
627539
627540
627541
627542
627543
627544
627545
627546
627547
627548
627549
627550
627551
627552
627553
627554
627555
627556
627557
627558
627559
627560
627561
627562
627563
627564
627565
627566
627567
627568
627569
627570
627571
627572
627573
627574
627575
627576
627577
627578
627579
627580
627581
627582
627583
627584
627585
627586
627587
627588
627589
627590
627591
627592
627593
627594
627595
627596
627597
627598
627599
627600
627601
627602
627603
627604
627605
627606
627607
627608
627609
627610
627611
627612
627613
627614
627615
627616
627617
627618
627619
627620
627621
627622
627623
627624
627625
627626
627627
627628
627629
627630
627631
627632
627633
627634
627635
627636
627637
627638
627639
627640
627641
627642
627643
627644
627645
627646
627647
627648
627649
627650
627651
627652
627653
627654
627655
627656
627657
627658
627659
627660
627661
627662
627663
627664
627665
627666
627667
627668
627669
627670
627671
627672
627673
627674
627675
627676
627677
627678
627679
627680
627681
627682
627683
627684
627685
627686
627687
627688
627689
627690
627691
627692
627693
627694
627695
627696
627697
627698
627699
627700
627701
627702
627703
627704
627705
627706
627707
627708
627709
627710
627711
627712
627713
627714
627715
627716
627717
627718
627719
627720
627721
627722
627723
627724
627725
627726
627727
627728
627729
627730
627731
627732
627733
627734
627735
627736
627737
627738
627739
627740
627741
627742
627743
627744
627745
627746
627747
627748
627749
627750
627751
627752
627753
627754
627755
627756
627757
627758
627759
627760
627761
627762
627763
627764
627765
627766
627767
627768
627769
627770
627771
627772
627773
627774
627775
627776
627777
627778
627779
627780
627781
627782
627783
627784
627785
627786
627787
627788
627789
627790
627791
627792
627793
627794
627795
627796
627797
627798
627799
627800
627801
627802
627803
627804
627805
627806
627807
627808
627809
627810
627811
627812
627813
627814
627815
627816
627817
627818
627819
627820
627821
627822
627823
627824
627825
627826
627827
627828
627829
627830
627831
627832
627833
627834
627835
627836
627837
627838
627839
627840
627841
627842
627843
627844
627845
627846
627847
627848
627849
627850
627851
627852
627853
627854
627855
627856
627857
627858
627859
627860
627861
627862
627863
627864
627865
627866
627867
627868
627869
627870
627871
627872
627873
627874
627875
627876
627877
627878
627879
627880
627881
627882
627883
627884
627885
627886
627887
627888
627889
627890
627891
627892
627893
627894
627895
627896
627897
627898
627899
627900
627901
627902
627903
627904
627905
627906
627907
627908
627909
627910
627911
627912
627913
627914
627915
627916
627917
627918
627919
627920
627921
627922
627923
627924
627925
627926
627927
627928
627929
627930
627931
627932
627933
627934
627935
627936
627937
627938
627939
627940
627941
627942
627943
627944
627945
627946
627947
627948
627949
627950
627951
627952
627953
627954
627955
627956
627957
627958
627959
627960
627961
627962
627963
627964
627965
627966
627967
627968
627969
627970
627971
627972
627973
627974
627975
627976
627977
627978
627979
627980
627981
627982
627983
627984
627985
627986
627987
627988
627989
627990
627991
627992
627993
627994
627995
627996
627997
627998
627999
628000
628001
628002
628003
628004
628005
628006
628007
628008
628009
628010
628011
628012
628013
628014
628015
628016
628017
628018
628019